--000-- 2442 2442 2332 2112 1001
--001-- 2442 2442 2332 2112 0101
--002-- 2442 2442 0332 2112 2101
--003-- 2442 2442 3302 2112 2101
--004-- 2442 2442 3302 2102 2111
--005-- 2442 2442 3320 2120 2111
--006-- 2442 2442 3320 2121 2110
--007-- 2442 2442 3320 2121 2101
--008-- 2442 2442 3300 2121 2121
**009** 2442 2442 0033 2121 2121
**010** 2442 2442 1033 2021 2121
**011** 2442 2442 1133 2021 2021
--012-- 2442 2442 1133 2201 2201
**013** 2442 2442 1133 2200 2211
--014-- 2442 2442 1100 2233 2211
**015** 2442 2442 1001 2233 2211
**016** 2442 2442 0011 2233 2211
--017-- 2442 2442 2011 2233 0211
--018-- 2442 2442 2211 2233 0011
**019** 2442 2442 2211 2233 1001
**020** 2442 2442 2211 2233 1100
--021-- 2442 2442 2211 2200 1133
**022** 2442 2442 2201 2201 1133
--023-- 2442 2442 2021 2021 1133
--024-- 2442 2442 0221 0221 1133
**025** 0442 0442 2221 2221 1133
--026-- 4402 4402 2221 2221 1133
--027-- 4420 4420 2221 2221 1133
**028** 4421 4420 2220 2221 1133
**029** 4421 4421 2220 2220 1133
--030-- 4421 4421 2202 2202 1133
**031** 4401 4401 2222 2222 1133
--032-- 0441 0441 2222 2222 1133
**033** 2441 2441 0222 0222 1133
--034-- 2441 2441 2022 2022 1133
**035** 2441 2441 2122 2022 1033
**036** 2441 2441 2122 2122 0033
**037** 2441 2441 2122 2122 3300
--038-- 2441 2441 2102 2122 3320
--039-- 2441 2441 2100 2122 3322
**040** 2441 2441 2001 2122 3322
--041-- 2001 2441 2441 2122 3322
**042** 2100 2441 2441 2122 3322
**043** 2110 2440 2441 2122 3322
**044** 2111 2440 2440 2122 3322
**045** 2111 2442 2442 2120 3320
--046-- 2111 2442 2442 2102 3302
**047** 2111 2442 2442 2002 3312
--048-- 2111 2002 2442 2442 3312
**049** 2011 2012 2442 2442 3312
--050-- 0211 0212 2442 2442 3312
**051** 2211 2212 0442 0442 3312
--052-- 2211 2212 4402 4402 3312
--053-- 2211 2202 4412 4402 3312
--054-- 2201 2212 4412 4402 3312
--055-- 2210 2212 4412 4402 3312
--056-- 2212 2212 4410 4402 3312
--057-- 2212 2212 4412 4402 3310
--058-- 2212 2212 4412 4402 3301
**059** 2212 2212 4402 4402 3311
--060-- 2212 2212 0442 0442 3311
**061** 0212 0212 2442 2442 3311
--062-- 2012 2012 2442 2442 3311
--063-- 2102 2012 2442 2442 3311
--064-- 2102 2102 2442 2442 3311
--065-- 2120 2120 2442 2442 3311
**066** 2122 2122 2440 2440 3311
--067-- 2122 2122 2044 2044 3311
**068** 2122 2022 2044 2144 3311
**069** 2022 2022 2144 2144 3311
--070-- 0222 0222 2144 2144 3311
**071** 2222 2222 0144 0144 3311
**072** 2222 2222 1144 0044 3311
--073-- 2222 2222 1144 3344 0011
**074** 2222 2222 1144 3344 1001
**075** 2222 2222 1144 3344 1100
--076-- 2222 2222 1100 3344 1144
**077** 2222 2222 1001 3344 1144
**078** 2222 2222 0011 3344 1144
--079-- 2222 2222 3311 0044 1144
**080** 2222 2222 3311 1044 1044
--081-- 2222 2222 3311 1440 1440
