https://www.youtube.com/watch?v=wE5KFf5QotI
--000-- 2442 2442 2332 2112 1001
--001-- 2442 2442 2332 2112 1010
--002-- 2442 2442 2330 2112 1012
--003-- 2442 2442 2033 2112 1012
--004-- 2442 2442 2033 2012 1112
--005-- 2442 2442 0233 0212 1112
--006-- 2442 2442 0233 1212 0112
--007-- 2442 2442 0233 1212 1012
--008-- 2442 2442 0033 1212 1212
**009** 2442 2442 3300 1212 1212
**010** 2442 2442 3301 1202 1212
**011** 2442 2442 3311 1202 1202
--012-- 2442 2442 3311 1022 1022
**013** 2442 2442 3311 0022 1122
--014-- 2442 2442 0011 3322 1122
**015** 2442 2442 1001 3322 1122
**016** 2442 2442 1100 3322 1122
--017-- 2442 2442 1120 3322 1102
--018-- 2442 2442 1122 3322 1100
**019** 2442 2442 1122 3322 1001
**020** 2442 2442 1122 3322 0011
--021-- 2442 2442 1122 0022 3311
**022** 2442 2442 1022 1022 3311
--023-- 2442 2442 1202 1202 3311
--024-- 2442 2442 1220 1220 3311
**025** 2440 2440 1222 1222 3311
--026-- 2044 2044 1222 1222 3311
--027-- 0244 0244 1222 1222 3311
**028** 1244 0244 0222 1222 3311
**029** 1244 1244 0222 0222 3311
--030-- 1244 1244 2022 2022 3311
**031** 1044 1044 2222 2222 3311
--032-- 1440 1440 2222 2222 3311
**033** 1442 1442 2220 2220 3311
--034-- 1442 1442 2202 2202 3311
**035** 1442 1442 2212 2202 3301
**036** 1442 1442 2212 2212 3300
**037** 1442 1442 2212 2212 0033
--038-- 1442 1442 0212 2212 2033
--039-- 1442 1442 0012 2212 2233
**040** 1442 1442 1002 2212 2233
--041-- 1002 1442 1442 2212 2233
**042** 0012 1442 1442 2212 2233
**043** 0112 0442 1442 2212 2233
**044** 1112 0442 0442 2212 2233
**045** 1112 2442 2442 0212 0233
--046-- 1112 2442 2442 2012 2033
**047** 1112 2442 2442 2002 2133
--048-- 1112 2002 2442 2442 2133
**049** 1102 2102 2442 2442 2133
--050-- 1120 2120 2442 2442 2133
**051** 1122 2122 2440 2440 2133
--052-- 1122 2122 2044 2044 2133
**053** 1122 2022 2044 2144 2133
--054-- 1022 2122 2044 2144 2133
--055-- 0122 2122 2044 2144 2133
--056-- 2122 2122 0044 2144 2133
--057-- 2122 2122 2044 2144 0133
--058-- 2122 2122 2044 2144 1033
--059-- 2122 2122 2044 2044 1133
--060-- 2122 2122 2440 2440 1133
**061** 2120 2120 2442 2442 1133
--062-- 2102 2102 2442 2442 1133
--063-- 2102 2012 2442 2442 1133
--064-- 2012 2012 2442 2442 1133
--065-- 0212 0212 2442 2442 1133
**066** 2212 2212 0442 0442 1133
--067-- 2212 2212 4402 4402 1133
**068** 2212 2202 4402 4412 1133
**069** 2202 2202 4412 4412 1133
--070-- 2220 2220 4412 4412 1133
**071** 2222 2222 4410 4410 1133
**072** 2222 2222 4411 4400 1133
--073-- 2222 2222 4411 4433 1100
**074** 2222 2222 4411 4433 1001
**075** 2222 2222 4411 4433 0011
--076-- 2222 2222 0011 4433 4411
**077** 2222 2222 1001 4433 4411
**078** 2222 2222 1100 4433 4411
--079-- 2222 2222 1133 4400 4411
**080** 2222 2222 1133 4401 4401
--081-- 2222 2222 1133 0441 0441